Prime numbers above 10000:


10007 10009  10037  10039  10061  10067  10069  10079  10091  10093  10099 
10103  10111  10133  10139  10141  10151  10159  10163  10169  10177 
10181  10193  10211  10223  10243  10247  10253  10259  10267  10271 
10273  10289  10301  10303  10313  10321  10331  10333  10337  10343 
10357  10369  10391  10399  10427  10429  10433  10453  10457  10459 
10463  10477  10487  10499  10501  10513  10529  10531  10559  10567 
10589  10597  10601  10607  10613  10627  10631  10639  10651  10657 
10663  10667  10687  10691  10709  10711  10723  10729  10733  10739 
10753  10771  10781  10789  10799  10831  10837  10847  10853  10859 
10861  10867  10883  10889  10891  10903  10909  10937  10939  10949 
10957  10973  10979  10987  10993  11003  11027  11047  11057  11059 
11069  11071  11083  11087  11093  11113  11117  11119  11131  11149 
11159  11161  11171  11173  11177  11197  11213  11239  11243  11251 
11257  11261  11273  11279  11287  11299  11311  11317  11321  11329 
11351  11353  11369  11383  11393  11399  11411  11423  11437  11443 
11447  11467  11471  11483  11489  11491  11497  11503  11519  11527 
11549  11551  11579  11587  11593  11597  11617  11621  11633  11657 
11677  11681  11689  11699  11701  11717  11719  11731  11743  11777 
11779  11783  11789  11801  11807  11813  11821  11827  11831  11833 
11839  11863  11867  11887  11897  11903  11909  11923  11927  11933 
11939  11941  11953  11959  11969  11971  11981  11987  12007  12011



2	3	5	7	11	13	17	19	23
29	31	37	41	43	47	53	59	61	67
71	73	79	83	89	97	101	103	107	109
113	127	131	137	139	149	151	157	163	167
173	179	181	191	193	197	199	211	223	227
229	233	239	241	251	257	263	269	271	277
281	283	293	307	311	313	317	331	337	347
349	353	359	367	373	379	383	389	397	401
409	419	421	431	433	439	443	449	457	461
463	467	479	487	491	499	503	509	521	523
541	547	557	563	569	571	577	587	593	599
601	607	613	617	619	631	641	643	647	653